52.94 45.0 48.65 68.69 60.74
26.32 12.5 16.95 51.18 37.71
21.43 28.12 24.32 57.74 48.4
64.71 11.96 20.18 54.82 37.72
54.96 43.37 48.48 66.59 59.32
3.75 23.08 6.45 49.73 43.1
50.0 0.46 0.92 50.1 29.62
26.2 41.38 32.09 59.07 55.41
35.37 15.43 21.48 54.3 40.0
5.96 56.25 10.78 46.57 45.7
nan 0.0 0.0 50.0 29.29
76.19 35.56 48.48 65.03 54.27
50.63 53.33 51.95 68.23 64.91
71.74 41.77 52.8 68.1 58.64
43.94 60.42 50.88 74.41 70.83
14.81 36.36 21.05 65.79 54.88
30.77 11.76 17.02 51.43 37.29
75.0 56.76 64.62 73.52 68.66
98.08 26.98 42.32 60.37 48.18
82.35 15.38 25.93 56.25 40.13
67.78 42.36 52.14 57.1 54.64
68.42 64.04 66.16 60.12 59.93
48.0 8.51 14.46 47.48 34.6
12.43 59.46 20.56 51.75 51.14
88.24 6.05 11.32 52.29 33.56
72.16 70.11 71.12 61.45 60.49
84.21 77.42 80.67 75.57 75.5
15.05 87.5 25.69 65.74 59.41
55.56 8.33 14.49 52.93 35.16
63.41 30.23 40.94 60.7 50.27
80.6 36.73 50.47 55.1 51.49
66.18 96.48 78.51 49.63 31.21
39.49 79.49 52.77 58.29 53.21
21.19 45.45 28.9 57.56 55.86
73.58 10.08 17.73 53.36 36.37
60.58 60.58 60.58 63.2 63.11
99.67 33.96 50.66 62.44 52.87
23.08 25.35 24.16 54.55 45.98
10.53 5.8 7.48 48.47 33.09
100.0 10.53 19.05 55.26 36.73
