36.84 35.0 35.9 61.79 53.33
29.63 20.0 23.88 53.12 42.6
13.89 31.25 19.23 53.75 48.57
57.14 21.74 31.5 57.97 44.51
44.89 47.59 46.2 65.42 61.09
5.26 53.85 9.59 57.6 57.43
50.0 4.63 8.47 51.04 32.54
32.85 62.07 42.96 68.38 67.76
46.34 40.43 43.18 64.55 57.12
6.25 56.25 11.25 48.12 47.49
7.69 2.5 3.77 49.33 31.0
48.57 37.78 42.5 59.0 53.83
50.96 70.67 59.22 74.29 74.04
61.43 54.43 57.72 71.42 66.75
35.23 64.58 45.59 73.36 71.95
7.84 36.36 12.9 63.3 54.47
35.29 17.65 23.53 53.38 41.26
74.19 62.16 67.65 75.53 72.11
94.2 34.39 50.39 54.7 50.35
50.0 21.98 30.53 51.37 43.18
72.9 54.17 62.15 63.01 61.96
69.66 61.08 65.09 60.83 60.83
38.46 10.64 16.67 42.82 34.39
12.76 67.57 21.46 52.92 50.69
68.29 11.29 19.38 50.9 36.91
68.72 59.43 63.74 56.11 55.99
79.59 78.63 79.11 71.07 70.09
15.53 100.0 26.89 69.15 56.37
45.16 23.33 30.77 56.42 45.28
56.82 29.07 38.46 58.95 49.23
77.42 48.98 60.0 53.06 52.88
65.62 88.73 75.45 48.53 34.69
42.86 80.77 56.0 62.57 58.38
21.76 51.82 30.65 59.19 58.53
63.96 18.35 28.51 54.37 41.86
62.72 70.8 66.51 67.15 66.95
100.0 39.53 56.66 69.77 57.24
22.22 33.8 26.82 55.52 50.5
18.31 18.84 18.57 51.87 41.63
91.95 18.31 30.53 56.84 42.14