38.46 25.0 30.3 58.69 46.69
30.0 7.5 12.0 51.21 34.49
25.93 21.88 23.73 57.11 44.49
72.73 8.7 15.53 53.77 35.43
55.17 28.92 37.94 61.09 49.51
3.45 15.38 5.63 49.1 38.95
0.0 0.0 0.0 49.87 29.29
30.07 29.66 29.86 57.95 49.32
37.25 10.11 15.9 52.99 36.37
4.17 31.25 7.35 40.07 39.42
nan 0.0 0.0 50.0 29.29
70.0 23.33 35.0 59.19 45.68
55.56 46.67 50.72 67.27 61.33
78.79 32.91 46.43 64.95 52.51
44.44 50.0 47.06 70.3 64.02
26.67 36.36 30.77 67.04 54.97
44.44 11.76 18.6 53.41 37.51
80.95 45.95 58.62 70.2 61.58
97.56 21.16 34.78 57.46 44.08
70.0 7.69 13.86 52.4 34.7
73.85 33.33 45.93 58.41 51.44
75.18 50.74 60.59 62.96 61.0
25.0 2.13 3.92 46.38 30.48
13.29 51.35 21.11 53.29 53.25
83.33 4.03 7.69 51.29 32.13
73.98 64.77 69.07 62.51 62.44
86.39 66.53 75.17 73.78 72.79
16.88 81.25 27.96 67.93 65.27
42.86 5.0 8.96 51.27 32.8
66.67 23.26 34.48 58.69 45.57
78.43 27.21 40.4 52.38 46.14
65.62 88.73 75.45 48.53 34.69
40.44 70.51 51.4 58.44 56.72
26.14 36.36 30.42 58.96 53.15
66.67 5.17 9.59 51.38 32.92
63.76 46.23 53.6 61.72 58.71
100.0 27.62 43.28 63.81 48.82
23.64 18.31 20.63 53.46 41.68
15.38 5.8 8.42 50.03 33.27
100.0 6.86 12.85 53.43 34.14
