54.55 30.0 38.71 62.62 50.39
37.5 7.5 12.5 51.94 34.54
27.27 9.38 13.95 53.15 35.88
75.0 6.52 12.0 52.87 33.9
55.56 33.13 41.51 62.77 52.41
1.79 7.69 2.9 45.41 33.65
nan 0.0 0.0 50.0 29.29
32.21 33.1 32.65 59.61 51.69
38.89 7.45 12.5 52.31 34.52
5.08 37.5 8.96 43.86 43.5
nan 0.0 0.0 50.0 29.29
76.67 25.56 38.33 60.85 47.29
58.18 42.67 49.23 66.35 58.85
82.35 35.44 49.56 66.43 54.32
45.61 54.17 49.52 72.22 66.87
20.0 36.36 25.81 66.52 54.94
50.0 5.88 10.53 51.95 33.43
82.35 37.84 51.85 66.84 55.95
97.56 21.16 34.78 57.46 44.08
100.0 7.69 14.29 53.85 34.73
68.49 34.72 46.08 56.2 51.22
72.08 54.68 62.18 61.65 61.02
30.0 2.13 3.97 47.42 30.6
11.49 45.95 18.38 49.33 49.21
100.0 3.63 7.0 51.81 31.86
73.09 64.77 68.68 61.58 61.44
87.82 69.76 77.75 76.12 75.29
15.48 81.25 26.0 65.45 62.01
100.0 1.67 3.28 50.83 30.47
63.33 22.09 32.76 57.81 44.72
72.09 21.09 32.63 48.3 41.58
65.67 92.96 76.97 48.56 32.05
40.14 75.64 52.44 58.68 55.34
22.81 35.45 27.76 56.96 51.89
84.62 5.68 10.65 52.36 33.31
62.21 46.47 53.2 61.0 58.38
99.62 29.18 45.13 60.04 49.51
23.81 21.13 22.39 54.06 43.47
11.76 2.9 4.65 49.5 31.28
100.0 7.09 13.25 53.55 34.31
