50.0 40.0 44.44 66.19 57.23
29.41 12.5 17.54 51.9 37.82
12.5 9.38 10.71 50.66 35.67
75.0 9.78 17.31 54.31 36.2
54.61 46.39 50.16 67.67 61.29
3.9 23.08 6.67 50.19 43.29
nan 0.0 0.0 50.0 29.29
28.95 45.52 35.39 61.62 58.38
41.18 11.17 17.57 53.65 37.13
7.05 68.75 12.79 52.15 49.36
nan 0.0 0.0 50.0 29.29
72.5 32.22 44.62 63.09 51.88
50.68 49.33 50.0 66.87 62.52
76.19 40.51 52.89 68.11 57.82
39.13 56.25 46.15 71.54 67.69
14.29 36.36 20.51 65.69 54.86
33.33 5.88 10.0 50.96 33.39
82.61 51.35 63.33 72.9 65.38
96.61 30.16 45.97 58.83 49.83
87.5 15.38 26.17 56.73 40.15
65.85 37.5 47.79 55.16 51.81
67.17 65.52 66.33 59.04 58.53
55.56 10.64 17.86 49.07 36.2
13.41 59.46 21.89 54.1 53.79
100.0 4.44 8.49 52.22 32.43
73.31 73.31 73.31 63.36 62.04
84.98 72.98 78.52 74.81 74.75
14.14 87.5 24.35 63.61 56.47
66.67 3.33 6.35 51.36 31.64
61.76 24.42 35.0 58.39 46.28
76.36 28.57 41.58 51.02 46.12
66.19 97.89 78.98 49.64 30.26
39.13 80.77 52.72 57.93 52.14
23.15 45.45 30.67 59.19 56.94
75.0 7.75 14.05 52.67 34.75
59.02 55.72 57.32 61.09 60.72
99.34 33.52 50.12 57.67 51.26
23.26 28.17 25.48 55.14 47.66
21.74 7.25 10.87 51.28 34.33
100.0 8.47 15.61 54.23 35.28
