45.45 25.0 32.26 59.64 46.81
22.22 5.0 8.16 49.96 32.73
50.0 6.25 11.11 52.74 33.71
71.43 5.43 10.1 52.33 33.13
59.65 40.96 48.57 66.51 57.88
3.12 15.38 5.19 48.18 38.68
nan 0.0 0.0 50.0 29.29
31.76 32.41 32.08 59.26 51.21
35.71 5.32 9.26 51.5 33.03
5.97 50.0 10.67 47.0 46.92
nan 0.0 0.0 50.0 29.29
71.88 25.56 37.7 60.31 47.24
58.62 45.33 51.13 67.47 60.65
83.33 37.97 52.17 67.7 56.1
41.67 52.08 46.3 70.56 65.24
16.67 27.27 20.69 62.08 48.53
100.0 2.94 5.71 51.47 31.37
80.0 43.24 56.14 68.84 59.68
95.65 23.28 37.45 55.39 45.04
100.0 8.79 16.16 54.4 35.51
67.12 34.03 45.16 55.36 50.53
67.63 57.64 62.23 58.38 58.37
57.14 5.67 10.32 49.71 33.16
12.58 51.35 20.21 51.85 51.85
100.0 2.82 5.49 51.41 31.29
77.38 69.4 73.17 67.0 66.91
85.0 68.55 75.89 73.33 72.9
15.73 87.5 26.67 67.15 61.36
50.0 1.67 3.23 50.52 30.47
70.37 22.09 33.63 58.69 44.81
73.68 19.05 30.27 49.32 40.97
66.19 97.89 78.98 49.64 30.26
40.26 79.49 53.45 59.28 54.54
25.48 36.36 29.96 58.64 53.02
78.57 5.68 10.6 52.12 33.3
62.38 45.99 52.94 60.97 58.19
99.61 28.51 44.33 59.71 49.04
23.61 23.94 23.78 54.52 45.2
0.0 0.0 0.0 48.96 29.27
100.0 6.64 12.45 53.32 33.98
