46.15 30.0 36.36 61.67 50.28
18.75 7.5 10.71 49.04 34.25
36.36 12.5 18.6 54.91 38.1
57.14 8.7 15.09 53.19 35.42
56.93 46.99 51.49 68.4 61.83
4.94 30.77 8.51 53.57 48.28
nan 0.0 0.0 50.0 29.29
29.22 44.14 35.16 61.41 57.72
32.26 5.32 9.13 51.31 33.02
7.27 75.0 13.26 53.5 48.77
nan 0.0 0.0 50.0 29.29
72.97 30.0 42.52 62.25 50.35
52.78 50.67 51.7 67.97 63.6
78.05 40.51 53.33 68.32 57.84
40.0 54.17 46.02 70.97 66.46
18.18 36.36 24.24 66.31 54.92
50.0 2.94 5.56 50.98 31.37
82.61 51.35 63.33 72.9 65.38
96.3 27.51 42.8 57.51 47.99
86.67 14.29 24.53 56.18 39.38
67.78 42.36 52.14 57.1 54.64
66.02 67.0 66.5 57.95 56.99
52.17 8.51 14.63 48.53 34.8
14.04 64.86 23.08 55.9 55.0
100.0 4.03 7.75 52.02 32.14
77.06 76.51 76.79 68.38 67.35
82.22 74.6 78.22 72.7 72.63
14.29 93.75 24.79 64.96 54.65
66.67 3.33 6.35 51.36 31.64
64.86 27.91 39.02 60.13 48.74
72.55 25.17 37.37 48.3 43.36
66.2 99.3 79.44 49.65 29.29
39.05 84.62 53.44 58.2 50.56
24.38 44.55 31.51 59.87 57.05
72.22 6.72 12.29 52.16 34.02
58.56 53.28 55.8 60.29 59.68
99.67 33.74 50.42 62.33 52.71
20.37 30.99 24.58 53.84 48.49
11.54 4.35 6.32 49.18 32.23
100.0 8.24 15.22 54.12 35.11
