0.4 0.4 0.4000000000000001 0.6428571428571428 0.5681081012048294
0.36538461538461536 0.475 0.4130434782608696 0.6179347826086957 0.5920733124449202
0.25925925925925924 0.21875 0.23728813559322032 0.5710608237547893 0.4449218672540791
0.5064935064935064 0.42391304347826086 0.4615384615384615 0.6385974483800569 0.5796415838532029
0.5197368421052632 0.4759036144578313 0.49685534591194963 0.6749120835674303 0.6188353056908134
0.0 0.0 0.0 0.48619631901840493 0.29262380361134344
0.46464646464646464 0.42592592592592593 0.4444444444444444 0.57775888133031 0.5512898389357992
0.2962962962962963 0.2206896551724138 0.25296442687747034 0.5580752264857942 0.4440085169932563
0.3314285714285714 0.30851063829787234 0.3195592286501377 0.5789657438593608 0.4995843637852858
0.07692307692307693 0.0625 0.06896551724137931 0.5045833333333334 0.3360155519726217
0.38461538461538464 0.25 0.30303030303030304 0.5993589743589743 0.46843163714170544
0.6153846153846154 0.5333333333333333 0.5714285714285715 0.6842490842490841 0.6500368524087046
0.6086956521739131 0.56 0.5833333333333334 0.7215584415584415 0.6780825703597952
0.5068493150684932 0.46835443037974683 0.4868421052631579 0.6569239963057533 0.6085161235704115
0.4418604651162791 0.3958333333333333 0.4175824175824176 0.6602991118077325 0.5694900216920804
0.125 0.09090909090909091 0.10526315789473685 0.5381780381780381 0.35709329167276704
0.4117647058823529 0.4117647058823529 0.4117647058823529 0.6068724519510774 0.5611192626567261
0.631578947368421 0.6486486486486487 0.64 0.7271021021021021 0.7160489354908761
0.9398907103825137 0.91005291005291 0.924731182795699 0.611276455026455 0.5097211359899603
0.6341463414634146 0.5714285714285714 0.6011560693641619 0.6414835164835164 0.6347031833157092
0.644927536231884 0.6180555555555556 0.6312056737588653 0.5711637001078749 0.5686075821105627
0.7446808510638298 0.6896551724137931 0.7161125319693095 0.6696451044550717 0.6690396400923321
0.712 0.6312056737588653 0.6691729323308271 0.6281028368794326 0.6280898932082831
0.3125 0.2702702702702703 0.2898550724637681 0.595423943799395 0.4809559781094481
0.8340248962655602 0.8104838709677419 0.8220858895705521 0.7592565340240169 0.7538665880859016
0.8248175182481752 0.8042704626334519 0.8144144144144143 0.7530669083353595 0.7478140453319904
0.2631578947368421 0.3125 0.2857142857142857 0.6066046099290779 0.5088203439569305
0.5 0.4666666666666667 0.4827586206896552 0.6469135802469136 0.6035671940047623
0.6219512195121951 0.5930232558139535 0.6071428571428572 0.7053351573187414 0.6846568016715883
0.8717948717948718 0.9251700680272109 0.8976897689768977 0.7585034013605443 0.7065747370586435
0.7658227848101266 0.852112676056338 0.8066666666666666 0.6691118935837246 0.621878028470525
0.6 0.5769230769230769 0.5882352941176471 0.6891237901171675 0.6694958125645343
0.38372093023255816 0.3 0.336734693877551 0.6067699836867864 0.5012639288953711
0.662125340599455 0.627906976744186 0.6445623342175065 0.6649150268336315 0.6628775667308258
0.6932668329177057 0.6763990267639902 0.6847290640394088 0.708452677938957 0.7066959298703615
0.9944444444444445 0.9966592427616926 0.9955506117908787 0.7710568941081191 0.6785791458952459
0.39436619718309857 0.39436619718309857 0.39436619718309857 0.6389175159357228 0.5638969069111334
0.5384615384615384 0.5072463768115942 0.5223880597014926 0.7145606884057971 0.6472184466342512
0.9118329466357309 0.8993135011441648 0.9055299539170507 0.8238289360025459 0.8083384144785024
