0.15439839192551033 0.7100000000000001 0.2530598082528363 0.48357142857142854 0.4284881370254762
0.03891475117704264 0.9384615384615385 0.07472486474480379 0.5072675790467203 0.3438580492653333
0.06652279473510617 0.95 0.12431172053570969 0.5012222222222222 0.3268025414346055
0.340996944280139 0.9733333333333334 0.5048610137962954 0.5207326007326006 0.340634014505503
0.25463395370874714 0.9588235294117646 0.40232746277779563 0.5071345369831101 0.330707213363027
0.48753983821404817 0.8835164835164836 0.6273639438230694 0.5340659340659341 0.4156584393453027
0.6243851104611571 0.8879432624113475 0.7318326188771584 0.5512632978723404 0.4358407805815475
0.10483306428616042 0.9875 0.18952079763064553 0.5150265957446809 0.3226741499979074
0.7355332207033751 0.8136054421768708 0.7723647019827855 0.46802721088435373 0.36515896287745636
0.15375522677581205 0.9763636363636363 0.2656378739627205 0.5056369568441346 0.31727512197940533
0.1564797080077 0.9492957746478872 0.2686535555124454 0.4827779686247567 0.30243932089489256
