23.93 1.69 82.0 11.22 36.9 2.38 66.05 3.17 61.43 3.47
4.56 0.3 86.15 8.97 8.67 0.58 57.15 3.15 47.83 3.25
5.87 0.37 81.25 5.59 10.95 0.7 44.31 2.76 33.06 1.07
50.96 2.23 75.33 4.35 60.74 2.45 69.7 2.21 69.01 2.22
29.25 3.12 80.0 5.06 42.74 3.47 57.03 4.54 51.09 5.86
52.57 1.97 61.32 4.25 56.54 2.49 56.43 2.15 56.0 2.2
60.22 1.73 97.87 2.1 74.53 1.14 51.33 3.23 32.64 5.39
10.48 0.29 98.75 2.5 18.95 0.51 51.5 1.51 32.27 1.51
72.74 0.84 81.63 2.06 76.92 0.95 44.9 1.96 33.75 3.16
18.05 0.82 91.09 2.9 30.11 1.11 58.32 1.99 46.93 3.61
18.18 1.17 47.04 5.88 26.18 2.0 53.2 1.85 52.6 2.33