23.93 1.69 82.0 11.22 36.9 2.38 66.05 3.17 61.43 3.47
27.66 1.7 40.5 2.92 32.73 0.51 54.74 0.93 52.41 0.7
13.78 0.93 70.62 16.37 22.87 1.51 57.99 2.23 53.83 6.03
51.67 6.13 51.08 7.04 50.72 3.68 66.62 2.55 62.78 3.84
31.35 2.48 86.14 4.31 45.85 2.42 65.69 2.79 59.86 5.27
4.56 0.3 86.15 8.97 8.67 0.58 57.15 3.15 47.83 3.25
50.24 7.09 21.11 11.0 27.18 9.55 53.9 0.92 42.82 6.22
16.93 0.39 99.72 0.55 28.95 0.56 51.06 1.32 30.98 2.07
27.32 3.84 68.19 12.64 38.2 2.19 60.71 2.79 57.56 6.1
5.87 0.37 81.25 5.59 10.95 0.7 44.31 2.76 33.06 1.07
19.94 5.07 36.5 17.86 25.37 8.55 59.56 6.94 52.95 11.02
50.96 2.23 75.33 4.35 60.74 2.45 69.7 2.21 69.01 2.22
38.61 2.9 84.8 4.96 52.93 2.49 70.27 2.52 66.61 3.28
31.93 2.8 88.35 6.17 46.69 2.44 61.55 4.05 52.82 9.3
21.99 1.82 87.91 1.56 35.14 2.32 70.29 2.49 65.42 3.49
3.68 0.49 50.9 4.45 6.87 0.89 60.13 2.91 59.05 3.14
29.25 3.12 80.0 5.06 42.74 3.47 57.03 4.54 51.09 5.86
64.43 4.16 70.27 9.04 66.81 4.08 74.99 3.28 73.8 3.8
95.44 1.14 46.03 6.6 61.81 6.01 59.89 3.62 56.95 3.45
52.57 1.97 61.32 4.25 56.54 2.49 56.43 2.15 56.0 2.2
62.82 0.72 75.27 4.36 68.42 1.77 56.47 0.91 52.42 2.01
61.53 0.36 91.42 2.36 73.54 0.93 53.37 0.69 39.8 1.2
60.22 1.73 97.87 2.1 74.53 1.14 51.33 3.23 32.64 5.39
12.03 0.33 92.43 6.71 21.27 0.58 51.05 1.46 35.69 4.24
62.35 3.0 30.88 1.85 41.24 1.63 48.43 2.11 45.42 1.28
67.89 2.22 88.75 7.4 76.71 2.22 57.42 3.87 46.77 8.71
70.44 2.03 95.64 2.62 81.07 0.94 61.32 3.3 48.25 5.98
10.48 0.29 98.75 2.5 18.95 0.51 51.5 1.51 32.27 1.51
40.48 5.84 56.06 7.57 46.59 4.04 62.3 3.38 61.18 3.27
42.19 1.63 62.32 5.68 50.12 1.03 59.39 0.62 58.85 0.79
72.74 0.84 81.63 2.06 76.92 0.95 44.9 1.96 33.75 3.16
65.66 0.45 92.11 0.94 76.66 0.58 48.55 0.93 32.59 1.01
37.53 0.65 89.42 4.52 53.15 0.7 56.37 1.09 44.28 1.7
18.05 0.82 91.09 2.9 30.11 1.11 58.32 1.99 46.93 3.61
58.65 1.09 52.5 8.04 55.09 5.18 59.09 1.93 58.17 3.25
50.83 4.36 92.55 5.58 65.35 2.58 56.63 5.74 43.48 10.68
98.78 0.0 100.0 0.0 99.39 0.0 50.0 0.0 29.29 0.0
18.18 1.17 47.04 5.88 26.18 2.0 53.2 1.85 52.6 2.33
18.35 3.0 55.07 5.5 27.49 4.01 55.16 5.13 55.11 5.12
83.83 3.1 47.09 6.21 59.96 4.59 60.03 1.96 57.43 1.99
