0.29284469673339997 0.64 0.4010987734654 0.6723809523812 0.6686006196963918
0.3071989648982 0.7 0.4263646726286 0.6195652173913999 0.6099766902841421
0.2340653760688 0.5875 0.3346585319984 0.6761254789273999 0.6635858241558538
0.3619666180868 0.8304347826086002 0.5039961330052 0.6545996306866001 0.6121056480961341
0.30537209554800004 0.90843373494 0.4569435503868 0.65732567576 0.5749373753374711
0.144639016897 0.3999999999996 0.21116127634639997 0.6524539877298 0.5700466877662504
0.36357355467760005 0.9777777777778001 0.5300118230326 0.5172052154194 0.3326945764672459
0.20045797532140003 0.9103448275862001 0.32833192063280003 0.5913484798180001 0.48128679631344917
0.2406612478528 0.9063829787231998 0.3803085213652 0.6069881431582 0.5058910698602468
0.11821551541696 0.2875 0.1660335367624 0.565527777778 0.48341551660630183
0.1969274077002 0.665 0.3038303788156 0.6587820512822 0.6579446345286
0.48175795467540006 0.8222222222219999 0.6072932229204 0.6918803418803999 0.6650614372210544
0.36364128942940005 0.8053333333334001 0.500807015076 0.6732294372294001 0.6469306076856215
0.3840409953766001 0.8278481012658 0.5245655344983999 0.6886021622212 0.6584698780665909
0.235094523279 0.6333333333336 0.3427057269712 0.6614942528736 0.6594586437128337
0.026674254918380002 0.6545454545458 0.05124004390186 0.551804951805 0.5387859056890429
0.4468764394472 0.735294117647 0.5548563987664001 0.7122015142689999 0.7098822882230316
0.5574801730673999 0.7459459459462001 0.6373356500524 0.7188063063064 0.716911848212462
0.9247832326404 0.9629629629629999 0.9434641890727999 0.5189814814812002 0.3453589939990443
0.5395150030189999 0.8329670329672 0.6545209851175999 0.6049450549449998 0.5431213293207076
0.6001504481624 0.8944444444445999 0.7182805544158001 0.5307173678529999 0.4061117883427775
0.6378896350652 0.9379310344826001 0.7592057838832 0.5740750062924 0.4397022411314528
0.6339244409546 0.9475177304968 0.7595737197846001 0.5716755319148 0.43013736331202146
0.1565332232796 0.6162162162165999 0.24948966397 0.5850034149674 0.583640764236369
0.7284011735653999 0.9362903225806001 0.8193243038489999 0.6520867671298 0.5506730075633837
0.6741905647068 0.9743772241991999 0.796902877583 0.5760084878760001 0.418206712049867
0.18433632998420002 0.675 0.28944482747300004 0.6672872340424 0.6669631329233578
0.3811025561678 0.7400000000002 0.5026032413316 0.6471604938272 0.6332287719228885
0.4382072226252 0.8534883720932 0.5784703641566 0.6490971272230001 0.5924132882429893
0.8609173927690001 0.9346938775510001 0.8962065608288 0.7408163265304 0.6760506261473692
0.7395587059436 0.9478873239438 0.8307922978893998 0.6447769953054 0.5327699458639626
0.45339936697320005 0.8230769230768 0.584618596816 0.65524707081 0.6160122806952373
0.24461173295480002 0.8563636363636 0.3802280645472 0.6896826338425999 0.6472549560853871
0.5213054915336001 0.9581395348837999 0.6751172632517999 0.5694543828266001 0.4198692932658278
0.47039037831900005 0.9897810218976 0.6376776757496 0.5115571776156 0.3164170546057664
0.9946683783394 0.9971046770604 0.9958842509792 0.7803705203482 0.6914352471312852
0.2193912471236 0.8619718309858 0.3491782885924 0.633695942593 0.5667340162448133
0.2898057782996 0.7971014492752 0.4247525942028 0.7222486413042001 0.7115086698591245
0.862482941353 0.9835240274598 0.9189032849358 0.7639474441936 0.6775942194420592
