50.0 30.0 37.5 62.14 50.34
25.0 2.5 4.55 50.16 31.04
42.86 9.38 15.38 53.92 35.91
71.43 5.43 10.1 52.33 33.13
54.05 36.14 43.32 63.67 54.42
2.08 7.69 3.28 46.64 33.94
nan 0.0 0.0 50.0 29.29
32.12 30.34 31.21 58.78 49.92
50.0 3.72 6.93 51.41 31.92
6.62 56.25 11.84 49.9 49.5
nan 0.0 0.0 50.0 29.29
70.37 21.11 32.48 58.36 44.13
63.16 48.0 54.55 69.45 62.67
81.82 34.18 48.21 65.8 53.42
42.59 47.92 45.1 69.1 62.54
30.0 27.27 28.57 62.91 48.56
50.0 2.94 5.56 50.98 31.37
77.78 37.84 50.91 66.14 55.87
95.45 22.22 36.05 54.86 44.3
100.0 4.4 8.42 52.2 32.4
74.6 32.64 45.41 58.55 51.12
69.1 60.59 64.57 60.22 60.22
50.0 4.26 7.84 49.0 32.15
13.21 56.76 21.43 53.47 53.35
100.0 2.42 4.72 51.21 31.0
76.69 72.6 74.59 67.04 66.58
85.31 72.58 78.43 74.98 74.86
15.0 93.75 25.86 66.73 57.14
100.0 1.67 3.28 50.83 30.47
70.97 25.58 37.61 60.14 47.25
74.42 21.77 33.68 49.66 42.45
66.35 98.59 79.32 49.99 30.26
38.99 79.49 52.32 57.62 52.32
25.32 35.45 29.55 58.35 52.47
79.17 4.91 9.25 51.85 32.76
60.96 43.31 50.64 59.63 56.46
99.62 29.06 45.0 59.99 49.43
21.88 29.58 25.15 54.63 48.17
13.33 2.9 4.76 49.76 31.3
100.0 6.64 12.45 53.32 33.98
