62.5 25.0 35.71 61.07 46.93
28.57 10.0 14.81 51.38 36.15
19.35 18.75 19.05 54.59 42.15
72.73 8.7 15.53 53.77 35.43
61.64 27.11 37.66 61.14 48.34
5.45 23.08 8.82 53.56 44.45
nan 0.0 0.0 50.0 29.29
36.57 33.79 35.13 61.05 52.46
33.33 11.7 17.32 53.02 37.44
3.3 18.75 5.61 39.82 36.24
nan 0.0 0.0 50.0 29.29
55.88 21.11 30.65 56.43 43.91
59.38 50.67 54.68 69.71 64.22
63.89 29.11 40.0 61.77 49.72
48.94 47.92 48.42 70.2 62.79
20.0 36.36 25.81 66.52 54.94
37.5 8.82 14.29 51.94 35.43
83.33 40.54 54.55 68.19 57.85
97.44 20.11 33.33 56.93 43.33
56.25 9.89 16.82 51.58 36.11
73.13 34.03 46.45 58.28 51.74
80.0 43.35 56.23 63.65 58.36
41.67 3.55 6.54 48.13 31.6
13.48 51.35 21.35 53.65 53.6
90.0 3.63 6.98 51.45 31.85
70.05 46.62 55.98 55.92 54.95
84.7 62.5 71.93 71.03 69.8
16.0 75.0 26.37 65.16 63.8
57.14 6.67 11.94 52.41 33.99
65.22 17.44 27.52 56.37 41.53
74.47 23.81 36.08 49.66 43.41
65.19 83.1 73.07 47.8 36.98
41.8 65.38 51.0 59.18 58.71
24.09 30.0 26.72 56.52 49.07
78.12 6.46 11.93 52.39 33.85
60.08 35.52 44.65 57.53 52.17
100.0 26.39 41.76 63.2 47.95
24.0 16.9 19.83 53.3 40.79
10.34 4.35 6.12 48.79 32.19
100.0 7.09 13.25 53.55 34.31
