41.18 35.0 37.84 62.74 53.55
25.0 12.5 16.67 50.82 37.65
22.22 37.5 27.91 60.7 54.36
60.87 15.22 24.35 55.87 40.0
51.75 44.58 47.9 66.33 59.92
3.77 30.77 6.72 49.74 46.28
75.0 1.39 2.73 50.57 30.27
30.68 55.86 39.61 65.35 64.07
40.4 21.28 27.87 56.84 44.08
6.25 56.25 11.25 48.12 47.49
nan 0.0 0.0 50.0 29.29
61.22 33.33 43.17 61.45 52.29
53.41 62.67 57.67 72.46 70.77
62.96 43.04 51.13 67.23 59.27
36.59 62.5 46.15 73.1 71.09
15.62 45.45 23.26 69.92 61.23
23.08 17.65 20.0 48.92 40.11
81.48 59.46 68.75 76.26 70.92
95.92 24.87 39.5 56.18 46.14
54.84 18.68 27.87 52.61 41.72
69.39 47.22 56.2 59.05 57.37
68.65 62.56 65.46 60.11 60.04
34.48 7.09 11.76 43.65 32.83
13.74 67.57 22.83 55.44 53.82
80.95 6.85 12.64 51.97 34.1
72.53 70.46 71.48 61.94 61.0
81.58 75.0 78.15 72.17 72.03
15.62 93.75 26.79 68.15 59.14
55.56 8.33 14.49 52.93 35.16
54.9 32.56 40.88 59.51 51.36
79.01 43.54 56.14 54.42 53.14
65.13 89.44 75.37 47.5 32.8
38.65 80.77 52.28 57.27 51.24
21.05 43.64 28.4 57.14 55.06
70.0 12.66 21.44 53.81 38.14
59.77 62.53 61.12 63.02 63.01
99.71 38.2 55.23 64.55 55.83
20.0 21.13 20.55 52.43 43.06
18.0 13.04 15.13 51.18 38.05
100.0 12.81 22.72 56.41 38.35
